 .8113721 
 .4458291 
 .3415985 
 .2774243 
 .2484958 
 .2525427 
 .2466902 
 .2452006 
 .2279679 
 .2610293 
 .3177998 
 .7298681 
 .8192756 
 .4376872 
 .3834813 
 .2919304 
 .255642 
 .2369918 
 .2495123 
 .2280816 
 .2335083 
 .2679917 
 .3030445 
 .3594536 
 .4932865 
 .5692177 
 .3593959 
 .2741868 
 .2424912 
 .2241473 
 .228084 
 .2283657 
 .2282342 
 .2579092 
 .2909701 
 .3113483 
 .3743171 
 .3746391 
 .3398281 
 .2909505 
 .2403667 
 .2269297 
 .2134564 
 .2074597 
 .2099793 
 .2464345 
 .2768291 
 .3359459 
 .6381312 
 .5195216 
 .2968231 
 .2514277 
 .2144966 
 .1964111 
 .2343862 
 .2095384 
 .21776 
 .2450697 
 .2554203 
 .3357194 
 .5968794 
 .5156948 
 .3085772 
 .2569596 
 .2194814 
 .2158074 
 .2240929 
 .2217431 
 .2388084 
 .2528328 
 .260521 
 .2822165 
 .3096678 
 .3330646 
 .349702 
 .3066515 
 .223837 
 .2030033 
 .2231299 
 .1891271 
 .1997522 
 .2269953 
 .2295186 
 .3198083 
 .49372 
 .4728154 
 .3094317 
 .2343683 
 .200722 
 .1906996 
 .1877136 
 .1990874 
 .1908602 
 .2111834 
 .2084524 
 .2510464 
 .2902977 
 .5702096 
 .6384278 
 .3135166 
 .2047724 
 .1885323 
 .1798065 
 .1867087 
 .1871117 
 .2157304 
 .2385934 
 .2572363 
 .281731 
 .3030367 
 .2915253 
 .2453148 
 .2051037 
 .1845583 
 .2046436 
 .1828399 
 .1960763 
 .2203844 
 .224994 
 .3036654 
 .5712671 
 .4351815 
 .282585 
 .2381904 
 .2196089 
 .190482 
 .1926964 
 .1853681 
 .1943872 
 .2290728 
 .225355 
 .2569408 
